# Unknown Dist P(X,Y)
# Component means 
mu_list = [
    torch.tensor([-4.5403668291751025, 2.711368262291067, 0.551274469447325, -11.295048017829952, 3.0334978489759252, -0.6915483043410363, 4.155081389212047, -1.2385372712593403, -4.014704711504637, -2.815263993268942]),
    torch.tensor([-4.46145254390517, -0.2912508954184818, -0.9775478869981234, -4.828179655841714, 2.1120766059107767, 1.3365849897368283, -2.105975783773068, -2.5534999964159826, -7.863326067815296, -0.616238788101648]),
    torch.tensor([17.93494655158687, -9.156450682114421, 7.993501574381028, -6.38503517402635, 1.627507711787779, -2.3957245810989263, 6.8950413071064105, 12.642786526878373, 2.05370831840688, -4.940035594813712]),
    torch.tensor([-4.5403668291751025, 2.711368262291067, 0.551274469447325, -11.295048017829952, 3.0334978489759252, -0.6915483043410363, 4.155081389212047, -1.2385372712593403, -4.014704711504637, 1.182873383979139]),
]

# Covariance matrices
Sigma_list = [
    torch.tensor([[2.21450864773073, 0.787514771297692, 0.8888509681587308, -0.7362163874430004, 1.7715939752273677, -2.4912949995211227, -0.7966065879831731, 0.9866483730506128, 0.4105350680723814, -1.1322807112253865], [0.787514771297692, 12.643052464507466, -3.029791216855409, -3.9631516603251438, 1.107313495702709, 8.714609801403935, -4.64694901182868, -9.426033980910228, 0.9221862533557099, -0.5017170263932529], [0.8888509681587308, -3.029791216855409, 14.158306094132557, 7.604180569288787, -1.6192780752361557, -6.371496169921303, 0.9513564153158227, -1.0964801356198635, -1.586319756172124, 4.308829222885665], [-0.7362163874430004, -3.9631516603251438, 7.604180569288787, 7.709776440392073, -0.4384698133093528, 0.7377540281016898, -1.0503054670769385, -1.257998428380426, -2.386120305755226, 3.1586098148572863], [1.7715939752273677, 1.107313495702709, -1.6192780752361557, -0.4384698133093528, 7.515714675195418, -1.6259139986930309, -0.3639506531734338, -0.1964445514653187, 2.172841739286932, -2.1201061781660195], [-2.4912949995211227, 8.714609801403935, -6.371496169921303, 0.7377540281016898, -1.6259139986930309, 24.813828634529255, -6.376616966709714, -11.19667338829848, -2.435432746619129, 1.795378618802477], [-0.7966065879831731, -4.64694901182868, 0.9513564153158227, -1.0503054670769385, -0.3639506531734338, -6.376616966709714, 12.587569029012032, 5.567336100642996, -3.775686994532993, 0.6924279289010855], [0.9866483730506128, -9.426033980910228, -1.0964801356198635, -1.257998428380426, -0.1964445514653187, -11.19667338829848, 5.567336100642996, 14.405538198005388, 0.15910724042418706, -1.054703403599519], [0.4105350680723816, 0.9221862533557103, -1.586319756172124, -2.386120305755226, 2.1728417392869326, -2.435432746619129, -3.7756869945329936, 0.1591072404241868, 7.286507732290021, -0.4519736006472879], [-1.1322807112253865, -0.5017170263932529, 4.308829222885665, 3.1586098148572868, -2.120106178166019, 1.795378618802477, 0.6924279289010855, -1.0547034035995193, -0.4519736006472879, 3.6325023034016706]]),
    torch.tensor([[7.499618913625097, 0.08709478652889471, -1.6610914122308154, 1.370606608814815, 0.05495837886373651, -2.2879388820628965, 0.18106950317750692, 3.0109056968287926, -0.8861819453672147, 1.4527230293594544], [0.08709478652889471, 5.418918941202664, -1.9393983449914458, 0.12057772923813788, -0.4397781578420472, -1.7741704040951143, -1.6257130313802732, 2.704494898628423, 0.5871703271464102, -3.1181584273432223], [-1.6610914122308154, -1.9393983449914458, 10.111377408759873, 0.3951317435007835, -0.5613881551171558, -2.462011047711079, 3.8336032220325587, 4.7854197392483275, -3.033333618269551, 7.267927630812839], [1.370606608814815, 0.12057772923813788, 0.3951317435007835, 10.50650573382451, -2.038569354473806, -1.8694032871286965, 4.791293640686084, 1.5607472424633748, -2.1744739672658073, -1.3382253019162096], [0.05495837886373651, -0.4397781578420472, -0.5613881551171558, -2.038569354473806, 1.6219507795783026, 3.129951183986269, -1.931905576699091, -1.885873720682546, 1.8140795458160408, -0.43191360635689546], [-2.2879388820628965, -1.7741704040951143, -2.462011047711079, -1.8694032871286965, 3.129951183986269, 12.710363478696305, 1.6860201861700364, -6.458656443171576, 4.70357213006216, -5.7995819379105225], [0.18106950317750692, -1.6257130313802732, 3.8336032220325587, 4.791293640686084, -1.931905576699091, 1.6860201861700364, 11.31788147368762, 2.0064170744986534, -2.0780322063117924, 0.4776521958740134], [3.0109056968287926, 2.704494898628423, 4.7854197392483275, 1.5607472424633748, -1.885873720682546, -6.458656443171576, 2.0064170744986534, 12.573070572256512, -5.815321528413808, 4.803445873317564], [-0.8861819453672148, 0.5871703271464102, -3.0333336182695505, -2.1744739672658073, 1.8140795458160406, 4.70357213006216, -2.078032206311793, -5.815321528413808, 6.662772203770849, -2.5878973380152], [1.4527230293594549, -3.1181584273432223, 7.267927630812839, -1.3382253019162096, -0.4319136063568954, -5.799581937910523, 0.47765219587401314, 4.803445873317563, -2.5878973380152, 11.232974555834272]]),
    torch.tensor([[4.933979969219722, 1.6847630950032642, 0.5804054985712479, 3.8901753181418, 3.5686942186336066, -0.09370481916438085, -0.5946657126751547, -3.628330509069626, 0.9518269526289692, -0.6734152500261272], [1.6847630950032642, 13.000941229344235, -4.876214354959471, -0.38608167390777, -6.561097853228449, 3.8541775262911706, -2.05935800451144, 1.0585037056525899, -0.9586667542097829, -0.36865414027683374], [0.5804054985712479, -4.876214354959471, 10.535657812946491, -0.7961170267075333, 2.3913151551753535, 0.08236044422869492, 0.6872570993297086, 3.584973240702405, 1.2967488633161568, 0.7104871257480817], [3.8901753181418, -0.38608167390777, -0.7961170267075333, 11.108301799046194, -0.05100395994712218, 3.093726187287545, -1.4237786887411905, -4.967127920826938, -0.20279544002760108, 0.885127627977551], [3.5686942186336066, -6.561097853228449, 2.3913151551753535, -0.05100395994712218, 16.82371618712598, -8.515562575463294, 1.5091004086866764, -3.6466447083027576, 0.1361552864353084, -0.16465370764238418], [-0.09370481916438085, 3.8541775262911706, 0.08236044422869492, 3.093726187287545, -8.515562575463294, 12.174282797672557, -1.318102971258842, -0.7679985512744442, 7.9208802843820045, 1.632034057927889], [-0.5946657126751547, -2.05935800451144, 0.6872570993297086, -1.4237786887411905, 1.5091004086866764, -1.318102971258842, 8.92287059713148, 0.20055731567702065, 1.385333180103256, -1.4049156887064185], [-3.628330509069626, 1.0585037056525899, 3.584973240702405, -4.967127920826938, -3.6466447083027576, -0.7679985512744442, 0.20055731567702065, 14.305354201234477, -5.3788373055923, 1.265926158925407], [0.9518269526289693, -0.9586667542097828, 1.2967488633161572, -0.20279544002760178, 0.13615528643530833, 7.920880284382005, 1.3853331801032562, -5.3788373055923, 12.11188795242518, 0.49696990660057494], [-0.6734152500261271, -0.3686541402768337, 0.7104871257480819, 0.8851276279775511, -0.1646537076423842, 1.6320340579278891, -1.4049156887064185, 1.265926158925407, 0.49696990660057494, 2.1738130767485138]]),
    torch.tensor([[9.651864036937972, 4.770026006739786, 4.234265698371385, -3.384734563761674, 3.4349673940202607, 2.265595282736054, -5.5452078424248485, -3.6148948186270795, 0.771503796020068, 1.7368889541390478], [4.770026006739786, 7.922586195260165, 0.0392466980059842, -4.0536345395219975, 6.620375784938507, 1.180840462210972, -5.226876027408115, -0.9616591995047389, 1.0631132103235112, -0.6315187667640643], [4.234265698371385, 0.0392466980059842, 22.734563333073115, 8.081852469596765, -0.6511537617902842, 7.598666759917741, -1.6650739209128904, 7.051233838798546, -0.23593415248647054, 4.064295894632907], [-3.384734563761674, -4.0536345395219975, 8.081852469596765, 11.028535293811483, 0.29388946781989356, 0.40663511422269605, 3.667635587215528, 2.171704930864526, -3.0936270520425326, -0.44154269160529314], [3.4349673940202607, 6.620375784938507, -0.6511537617902842, 0.29388946781989356, 13.10215075064345, 2.9650302219939455, -2.2575455997004057, -3.2725123331508432, -1.0925993950796944, -6.698122888957245], [2.265595282736054, 1.180840462210972, 7.598666759917741, 0.40663511422269605, 2.9650302219939455, 12.378482969583306, -0.39640491790925064, 5.69827455557269, 3.171389130060032, -1.9920171343026225], [-5.5452078424248485, -5.226876027408115, -1.6650739209128904, 3.667635587215528, -2.2575455997004057, -0.39640491790925064, 9.391099897003258, 1.68890610405706, -2.475828946121655, -1.8364039812490047], [-3.6148948186270795, -0.9616591995047389, 7.051233838798546, 2.171704930864526, -3.2725123331508432, 5.69827455557269, 1.68890610405706, 9.257418841987858, 3.0359375337161625, 0.5279886285950306], [0.7715037960200678, 1.0631132103235115, -0.23593415248647048, -3.0936270520425326, -1.0925993950796946, 3.1713891300600325, -2.475828946121655, 3.0359375337161625, 5.960222808975967, 0.1953805261052668], [1.7368889541390482, -0.6315187667640643, 4.064295894632908, -0.44154269160529297, -6.698122888957246, -1.9920171343026227, -1.836403981249005, 0.5279886285950307, 0.1953805261052668, 10.06906018519012]]),
]

# Mixture weights
alpha = torch.tensor([0.25, 0.25, 0.25, 0.25])

# Target distribution q(Y|X=x*)
target_means = torch.tensor([[[-2.815263534200911]], [[1.1828735569838675]]])
target_variances = [
    torch.tensor([[0.1718879873583199]]),
    torch.tensor([[1.489962496721585]]),
]
target_weights = torch.tensor([0.5842540264129639, 0.41574597358703613])
